function [implant] = AV_electrodes
% Must mulitply by 1000 to get real x,y coordinates


LHD = [ 2.0974    3.2023
    2.0465    2.9552
    1.9739    2.7008
    1.9084    2.4755];
LOF = [0.8618    3.5294
    0.9344    3.3404
    1.0217    3.1587
    1.0944    2.9552
    1.1816    2.7444
    1.2688    2.5409];
LFP = [0.1349    1.5524
    0.3239    1.5015
    0.5274    1.4579
    0.7309    1.4288
    0.9781    1.3779
    1.1743    1.3343];
LLF = [ 1.1816    1.1453
    1.2034    0.9345
    1.2106    0.7019
    1.2397    0.4766];
LAIH = [ 3.7256    4.7287
    3.6093    4.5688
    3.4785    4.3580
    3.3694    4.1763];
LPIH = [2.4536    4.1472
    2.6644    4.1036
    2.8897    4.0746
    3.1078    4.0309];
LAT = [ 1.3706    2.1048
    1.5523    2.0175
    1.7631    1.9158
    1.9739    1.8286];
LMT = [ 2.3082    3.1224
    2.3009    2.9116
    2.3009    2.6863
    2.3009    2.4755];
LPT = [ 2.8243    1.5305
    2.6135    1.5960
    2.3882    1.6468
    2.1846    1.7050];

RHD = [ 6.2841    3.1442
    6.3423    2.9189
    6.4222    2.6572
    6.4877    2.4100];
ROF = [ 7.5780    3.5730
    7.4762    3.3986
    7.3817    3.2387
    7.2654    3.0424
    7.1491    2.8534
    7.0328    2.6572];
RFP = [ 8.1231    1.4942
    7.9269    1.4651
    7.7233    1.4288
    7.5198    1.3924
    7.2872    1.3488
    7.0764    1.3052];
RLF = [ 7.2145    1.0872
    7.1418    0.8982
    7.0692    0.6656
    7.0037    0.4475];
RAIH = [ 4.6196    4.7069
    4.7505    4.5543
    4.9031    4.3726
    5.0339    4.2054];
RPIH = [ 5.9861    4.2345
    5.7899    4.1836
    5.5646    4.1109
    5.3538    4.0455];
RAT = [ 6.9165    2.1411
    6.7348    2.0248
    6.5385    1.8940
    6.3496    1.7777];
RMT = [6.0661    3.0933
    6.0661    2.8752
    6.0516    2.6499
    6.0588    2.4246];
RPT = [5.4773    1.5015
    5.6809    1.5742
    5.8989    1.6541
    6.0952    1.7341];

implant = [LHD;LOF;LFP;LLF;LAIH;LPIH;LAT;LMT;LPT;RHD;ROF;RFP;RLF;RAIH;RPIH;RAT;RMT;RPT]*1000;