function [implant] = BH_electrodes
% Must mulitply by 1000 to get real x,y coordinates


LHD = [1.8620    3.1906
    1.7987    2.9476
    1.7300    2.6994
    1.6613    2.4460 ];
LOFP = [0.4995    1.8967
    0.5999    1.7278
    0.7055    1.5535
    0.8058    1.3739
    0.9273    1.1680
    1.0382    0.9831];
LLF = [1.0224    1.6327
    1.0804    1.4320
    1.1544    1.2102
    1.2230    0.9990];
LAT = [1.1280    2.1027
    1.3181    2.0129
    1.5346    1.9179
    1.7300    1.8228];
LMT = [2.0680    3.1325
    2.0627    2.9160
    2.0627    2.6783
    2.0627    2.4618];
LPT = [ 2.5802    1.5218
    2.3743    1.5852
    2.1419    1.6485
    1.9465    1.7066];

RHD = [ 6.0498    3.1325
    6.1184    2.9054
    6.1924    2.6414
    6.2505    2.3984];
ROFP = [ 7.5232    1.7594
    7.3911    1.6116
    7.2591    1.4532
    7.1218    1.2947
    6.9634    1.1205
    6.8208    0.9515];
RLF = [6.8261    1.6274
    6.7574    1.4320
    6.6835    1.2049
    6.6201    0.9990];
RAT = [6.6729    2.1344
    6.4987    2.0235
    6.2980    1.8967
    6.1132    1.7753];
RMT = [5.8280    3.0902
    5.8227    2.8790
    5.8227    2.6466
    5.8227    2.4248];
RPT = [ 5.2365    1.5007
    5.4425    1.5746
    5.6643    1.6591
    5.8597    1.7278];


implant = [LHD;LOFP;LLF;LAT;LMT;LPT;RHD;ROFP;RLF;RAT;RMT;RPT]*1000;