function [implant] = CJ_electrodes
% Must mulitply by 1000 to get real x,y coordinates

GRID = [1.7621    2.3116
    1.9261    2.2604
    2.0969    2.2023
    2.2575    2.1442
    2.4317    2.0828
    2.6026    2.0213
    2.7631    1.9632
    2.9476    1.9017
    1.7041    2.1408
    1.8680    2.0930
    2.0389    2.0281
    2.2028    1.9768
    2.3702    1.9154
    2.5411    1.8539
    2.7085    1.7924
    2.8827    1.7309
    1.6426    1.9837
    1.8065    1.9290
    1.9808    1.8675
    2.1413    1.8094
    2.3122    1.7480
    2.4796    1.6830
    2.6470    1.6284
    2.8280    1.5737
    1.5845    1.8094
    1.7553    1.7616
    1.9227    1.7001
    2.0901    1.6386
    2.2575    1.5806
    2.4249    1.5225
    2.5991    1.4610
    2.7700    1.3995
    1.5196    1.6284
    1.6870    1.5737
    1.8544    1.5156
    2.0218    1.4541
    2.1858    1.3961
    2.3566    1.3346
    2.5308    1.2799
    2.6982    1.2116
    1.4717    1.4712
    1.6391    1.4166
    1.8100    1.3585
    1.9739    1.2970
    2.1448    1.2355
    2.3156    1.1843
    2.4864    1.1193
    2.6572    1.0579
    1.4137    1.3038
    1.5811    1.2492
    1.7519    1.1911
    1.9159    1.1364
    2.0833    1.0715
    2.2507    1.0134
    2.4249    0.9519
    2.5957    0.8905
    1.3522    1.1364
    1.5230    1.0818
    1.6904    1.0271
    1.8578    0.9656
    2.0252    0.9075
    2.1960    0.8392
    2.3702    0.7811
    2.5445    1.7299];

LHD = [ 2.0456    3.6011
    2.0456    3.3495
    2.0456    3.0904
    2.0456    2.8312];

LOF = [ 0.7096    4.3152
    0.7096    4.1124
    0.7096    3.9172
    0.7021    3.7069
    0.7096    3.4665
    0.7021    3.2487
];

LFP = [ 0.2056    1.8452
    0.3953    1.7820
    0.5894    1.7232
    0.7881    1.6555
    1.0094    1.5923
    1.2171    1.5291
];

LAIH = [0.4404    6.6268
    0.4810    6.4100
    0.5307    6.1842
    0.5668    5.9720
    0.6075    5.7598
    0.6526    5.5520
    0.6933    5.3488
    0.7249    5.1411 ];

LAT = [ 0.9146    2.3394
    1.1133    2.2716
    1.3390    2.1994
    1.5513    2.1317];

LMT = [ 1.8800    3.6020
    1.8688    3.3902
    1.8733    3.1562
    1.8688    2.9355];

LOC = [ 4.4735    1.3316
    4.2722    1.3906
    4.0813    1.4427
    3.8696    1.4843
    3.6509    1.5329
    3.4461    1.5885
    3.2170    1.6405
    3.0018    1.6891];


implant = [GRID; LHD;LOF;LFP;LAIH;LAT;LMT;LOC]*1000;




















