function [implant] = IM_electrodes
% Must mulitply by 1000 to get real x,y coordinates

GRID = [1.7502    1.6913
    1.9359    1.6857
    2.1159    1.6744
    2.2791    1.6688
    2.4535    1.6632
    2.6448    1.6463
    2.8136    1.6351
    2.9937    1.6407
    1.7390    1.5169
    1.9246    1.5056
    2.0991    1.5000
    2.2791    1.4888
    2.4592    1.4775
    2.6392    1.4663
    2.8136    1.4550
    2.9881    1.4494
    1.7277    1.3368
    1.9078    1.3256
    2.0934    1.3143
    2.2679    1.3031
    2.4423    1.2975
    2.6111    1.2918
    2.7911    1.2862
    2.9656    1.2749
    1.7277    1.1624
    1.9021    1.1680
    2.0934    1.1399
    2.2735    1.1455
    2.4367    1.1287
    2.6280    1.1287
    2.7911    1.1174
    2.9768    1.0949
    1.7108    0.9767
    1.9021    0.9542
    2.0766    0.9542
    2.2566    0.9317
    2.4367    0.9317
    2.6167    0.9205
    2.7855    0.9148
    2.9712    0.9092
    1.7052    0.7798
    1.8909    0.7742
    2.0709    0.7742
    2.2566    0.7629
    2.4198    0.7460
    2.6055    0.7404
    2.7743    0.7292
    2.9487    0.7292
    1.6996    0.6054
    1.8796    0.5941
    2.0540    0.5885
    2.2397    0.5716
    2.4142    0.5716
    2.5886    0.5604
    2.7743    0.5491
    2.9543    0.5435
    1.6939    0.4309
    1.8740    0.4084
    2.0540    0.4084
    2.2285    0.4028
    2.4142    0.3916
    2.5830    0.3803
    2.7630    0.3690
    2.9374    0.3634];

RHD = [2.1722    3.4750
    2.2228    3.2443
    2.2791    2.9686
    2.3354    2.7210];
RAT = [3.0556    2.3103
    2.8587    2.2484
    2.6336    2.1696
    2.4142    2.1077];
RPB = [2.3354    3.5763
    2.3916    3.3681
    2.4423    3.1486
    2.4986    2.9292];
RSF = [3.7646    0.6110
    3.5620    0.5491
    3.3369    0.4816
    3.1287    0.4141];
RIP = [0.1072    1.1005
    0.2929    1.0555
    0.4786    1.0217
    0.6699    0.9711
    0.8668    0.9261
    1.0581    0.8923
    1.2719    0.8361
    1.4689    0.7910];
RSP = [ 0.1972    0.6448
    0.3885    0.6054
    0.5686    0.5660
    0.7599    0.5210
    0.9625    0.4760
    1.1538    0.4366
    1.3563    0.3859
    1.5645    0.3465];

implant = [GRID;RHD;RAT;RPB;RSF;RIP;RSP]*1000;