function [implant] = ME_electrodes
% Must mulitply by 1000 to get real x,y coordinates

RHD = [ 1.8564    3.0958
    1.9081    2.8744
    1.9523    2.6383
    2.0114    2.3653];
ROF = [2.8673    3.5901
    2.8747    3.3983
    2.8894    3.1991
    2.8968    2.9925
    2.9189    2.7564
    2.9337    2.5424];
RFP = [
    3.6420    1.5020
    3.4354    1.4430
    3.2067    1.3692
    3.0075    1.3176
    2.8156    1.2585
    2.6312    1.1995];
RLFT = [2.3065    1.9005
    2.4172    1.7160
    2.5426    1.5315
    2.6607    1.3471];
RAIH = [0.2258    4.7633
    0.3438    4.5936
    0.4840    4.4018
    0.6168    4.2321];
RLF = [ 2.6459    1.0077
    2.6459    0.8084
    2.6607    0.5650
    2.6607    0.3436];
RPF = [1.5908    4.0255
    1.3768    4.0329
    1.1333    4.0181
    0.9267    4.0402];
RAT = [2.4541    2.1513
    2.2770    2.0333
    2.0778    1.9078
    1.9007    1.7824];
RMT = [ 1.6277    3.0810
    1.6277    2.8744
    1.6351    2.6457
    1.6351    2.4243];

implant = [RHD;ROF;RFP;RLFT;RAIH;RLF;RPF;RAT;RMT]*1000;