function [implant] = MSt_electrodes
% Must mulitply by 1000 to get real x,y coordinates

LHD = [ 2.2435    3.7227
    2.2106    3.9862
    2.1908    4.2563
    2.1776    4.4802];
LAT = [ 1.3582    2.7998
    1.5357    2.6749
    1.7329    2.5368
    1.8973    2.4185];
LMT = [ 2.4938    3.7424
    2.4741    3.9862
    2.4872    4.2365
    2.4938    4.4934];
LPT =[2.2260    2.2410
    2.4627    2.1686
    2.7059    2.0634
    2.9361    1.9714];
RHD = [  7.6386    3.7293
    7.6781    3.9796
    7.7176    4.2497
    7.7637    4.5066];
RAT = [8.3930    2.7932
    8.2023    2.7012
    7.9919    2.6091
    7.7881    2.5237];
RMT = [  7.4212    3.7622
    7.4212    4.0059
    7.4278    4.2694
    7.4409    4.5198];
RPT = [6.7953    2.1489
    7.0255    2.2278
    7.2753    2.3330
    7.5120    2.4119];

implant = [LHD;LAT;LMT;LPT;RHD;RAT;RMT;RPT]*1000;

















