function [implant] = SP_electrodes
% Must mulitply by 1000 to get real x,y coordinates

LHD = [  2.2435    3.7293
    2.2171    3.9796
    2.1974    4.2365
    2.1710    4.4539];
LAT = [ 1.3582    2.7998
    1.5357    2.6749
    1.7329    2.5368
    1.8973    2.4185];
LMT = [ 2.4872    3.7359
    2.4872    3.9796
    2.4872    4.2431
    2.5004    4.5000];
LPT =[2.2260    2.2410
    2.4627    2.1686
    2.7059    2.0634
    2.9361    1.9714];
RHD = [  7.6386    3.7293
    7.6781    3.9928
    7.7110    4.2365
    7.7637    4.4868 ];
RAT = [8.3930    2.7932
    8.2023    2.7012
    7.9919    2.6091
    7.7881    2.5237];
RMT = [ 7.8098    3.6898
    7.8691    3.9269
    7.9547    4.1772
    8.0338    4.4209];
RIPT = [ 7.0984    3.9532
    7.2301    4.1575
    7.3685    4.3880
    7.4870    4.6054];
RPT = [6.7953    2.1489
    7.0255    2.2278
    7.2753    2.3330
    7.5120    2.4119];

implant = [LHD;LAT;LMT;LPT;RHD;RAT;RMT;RIPT;RPT]*1000;

















