function [implant] = SV_electrodes
% Must mulitply by 1000 to get real x,y coordinates

GRID = [3.3029    0.6207
    3.1257    0.5427
    2.9414    0.4718
    2.7784    0.4080
    2.5870    0.3584
    2.4169    0.2875
    2.2326    0.2025
    2.0555    0.1529
    3.2391    0.7837
    3.0619    0.7270
    2.8705    0.6561
    2.6933    0.5852
    2.5232    0.5214
    2.3460    0.4364
    2.1618    0.3868
    1.9846    0.2946
    3.1611    0.9680
    2.9981    0.8900
    2.8067    0.8333
    2.6296    0.7624
    2.4594    0.6986
    2.2823    0.6136
    2.0980    0.5498
    1.9137    0.4789
    3.0973    1.1522
    2.9131    1.0601
    2.7359    1.0034
    2.5729    0.9467
    2.3886    0.8900
    2.2114    0.7979
    2.0271    0.7482
    1.8570    0.6774
    3.0335    1.3436
    2.8493    1.2585
    2.6792    1.2089
    2.4949    1.1451
    2.3248    1.0814
    2.1263    0.9963
    1.9491    0.9325
    1.7720    0.8616
    2.9485    1.4995
    2.7784    1.4357
    2.5941    1.3720
    2.4169    1.3011
    2.2397    1.2373
    2.0555    1.1593
    1.8854    1.0955
    1.6940    1.0105
    2.8776    1.6838
    2.7075    1.5917
    2.5303    1.5350
    2.3531    1.4783
    2.1830    1.4003
    1.9988    1.3365
    1.8216    1.2656
    1.6302    1.1948
    2.8138    1.8468
    2.6508    1.7830
    2.4594    1.7051
    2.2893    1.6484
    2.1192    1.5704
    1.9350    1.5066
    1.7507    1.4357
    1.5664    1.3649];

AIH = [2.5873    3.2574
    2.3952    3.2093
    2.1971    3.1613
    1.9930    3.1133
    1.7648    3.0532
    1.5487    3.0052 ];

ASIH = [ 0.7159    0.4506
    0.9214    0.4293
    1.1128    0.3939
    1.3113    0.3513
    1.5522    0.3301
    1.7649    0.2875];

IMIH = [ 0.5174    0.8475
    0.7159    0.8191
    0.9214    0.7908
    1.1199    0.7482
    1.3467    0.7199
    1.5664    0.6845];

AIIH = [ 0.3332    1.3082
    0.5316    1.2798
    0.7301    1.2727
    0.9427    1.2515
    1.1695    1.2302
    1.3892    1.2018];

PIH = [1.0144    4.1579
    1.0264    3.9658
    1.0264    3.7616
    1.0384    3.5575
    1.0384    3.3174
    1.0504    3.0953 ];

PMIH = [3.8982    1.4570
    3.6998    1.3578
    3.4872    1.2515
    3.3029    1.1593];

PSIH = [3.9266    1.2018
    3.7423    1.0814
    3.5509    0.9467
    3.3738    0.8191];

PIIH = [3.8557    1.6342
    3.6431    1.5704
    3.4021    1.5066
    3.2107    1.4570];

implant = [GRID; AIH; ASIH; IMIH; AIIH; PIH; PMIH; PSIH; PIIH]*1000;




















